         ps        /tb/Y    /tb/X     /tb/ALUout                                                                                                                        /tb/Icache            
          delta               /tb/ALUFN  /tb/Nflag                                                                                                                                            
                                           /tb/Cflag                                                                                                                                          
                                             /tb/Zflag                                                                                                                                        
                                               /tb/Vflag                                                                                                                                      
          0 +10 11111111 11111111 01000 11111110 1 1 0 0 {01000 01001 01010 01011 01100 01000 01001 01111 10000 10001 10010 10000 10001 10010 11001 11010 11101 11111 11011 00100} 
      50000  +9 11111110 11110101 01000 11110011 1 1 0 0 {01000 01001 01010 01011 01100 01000 01001 01111 10000 10001 10010 10000 10001 10010 11001 11010 11101 11111 11011 00100} 
     100000 +10 11111101 11101011 01001 00010010 0 1 0 0 {01000 01001 01010 01011 01100 01000 01001 01111 10000 10001 10010 10000 10001 10010 11001 11010 11101 11111 11011 00100} 
     150000  +8 11111100 11100001 01001 00011011 0 1 0 0 {01000 01001 01010 01011 01100 01000 01001 01111 10000 10001 10010 10000 10001 10010 11001 11010 11101 11111 11011 00100} 
     200000 +10 11111011 11010111 01010 00101001 0 0 0 0 {01000 01001 01010 01011 01100 01000 01001 01111 10000 10001 10010 10000 10001 10010 11001 11010 11101 11111 11011 00100} 
     250000  +8 11111010 11001101 01010 00110011 0 0 0 0 {01000 01001 01010 01011 01100 01000 01001 01111 10000 10001 10010 10000 10001 10010 11001 11010 11101 11111 11011 00100} 
     300000 +11 11111001 11000011 01011 11111010 1 0 0 0 {01000 01001 01010 01011 01100 01000 01001 01111 10000 10001 10010 10000 10001 10010 11001 11010 11101 11111 11011 00100} 
     350000  +8 11111000 10111001 01011 11111001 1 0 0 0 {01000 01001 01010 01011 01100 01000 01001 01111 10000 10001 10010 10000 10001 10010 11001 11010 11101 11111 11011 00100} 
     400000  +9 11110111 10101111 01100 11110110 1 1 0 0 {01000 01001 01010 01011 01100 01000 01001 01111 10000 10001 10010 10000 10001 10010 11001 11010 11101 11111 11011 00100} 
     450000  +8 11110110 10100101 01100 11110101 1 1 0 0 {01000 01001 01010 01011 01100 01000 01001 01111 10000 10001 10010 10000 10001 10010 11001 11010 11101 11111 11011 00100} 
     500000 +11 11110101 10011011 01000 10010000 1 1 0 0 {01000 01001 01010 01011 01100 01000 01001 01111 10000 10001 10010 10000 10001 10010 11001 11010 11101 11111 11011 00100} 
     550000 +10 11110100 10010001 01000 10000101 1 1 0 0 {01000 01001 01010 01011 01100 01000 01001 01111 10000 10001 10010 10000 10001 10010 11001 11010 11101 11111 11011 00100} 
     600000  +9 11110011 10000111 01001 01101100 0 1 0 0 {01000 01001 01010 01011 01100 01000 01001 01111 10000 10001 10010 10000 10001 10010 11001 11010 11101 11111 11011 00100} 
     650000 +12 11110010 01111101 01001 01110101 0 1 0 1 {01000 01001 01010 01011 01100 01000 01001 01111 10000 10001 10010 10000 10001 10010 11001 11010 11101 11111 11011 00100} 
     700000  +8 11110001 01110011 01111 00000000 0 0 1 0 {01000 01001 01010 01011 01100 01000 01001 01111 10000 10001 10010 10000 10001 10010 11001 11010 11101 11111 11011 00100} 
     750000  +1 11110000 01101001 01111 00000000 0 0 1 0 {01000 01001 01010 01011 01100 01000 01001 01111 10000 10001 10010 10000 10001 10010 11001 11010 11101 11111 11011 00100} 
     800000 +10 11101111 01011111 10000 10000000 1 1 0 0 {01000 01001 01010 01011 01100 01000 01001 01111 10000 10001 10010 10000 10001 10010 11001 11010 11101 11111 11011 00100} 
     850000  +9 11101110 01010101 10000 11000000 1 1 0 0 {01000 01001 01010 01011 01100 01000 01001 01111 10000 10001 10010 10000 10001 10010 11001 11010 11101 11111 11011 00100} 
     900000  +8 11101101 01001011 10001 00011101 0 1 0 0 {01000 01001 01010 01011 01100 01000 01001 01111 10000 10001 10010 10000 10001 10010 11001 11010 11101 11111 11011 00100} 
     950000  +9 11101100 01000001 10001 01110110 0 0 0 0 {01000 01001 01010 01011 01100 01000 01001 01111 10000 10001 10010 10000 10001 10010 11001 11010 11101 11111 11011 00100} 
    1000000  +5 11101011 00110111 10010 00000000 0 0 1 0 {01000 01001 01010 01011 01100 01000 01001 01111 10000 10001 10010 10000 10001 10010 11001 11010 11101 11111 11011 00100} 
    1050000  +1 11101010 00101101 10010 00000000 0 0 1 0 {01000 01001 01010 01011 01100 01000 01001 01111 10000 10001 10010 10000 10001 10010 11001 11010 11101 11111 11011 00100} 
    1100000  +9 11101001 00100011 10000 01001000 0 1 0 0 {01000 01001 01010 01011 01100 01000 01001 01111 10000 10001 10010 10000 10001 10010 11001 11010 11101 11111 11011 00100} 
    1150000  +9 11101000 00011001 10000 11010000 1 1 0 0 {01000 01001 01010 01011 01100 01000 01001 01111 10000 10001 10010 10000 10001 10010 11001 11010 11101 11111 11011 00100} 
    1200000  +9 11100111 00001111 10001 00000001 0 1 0 0 {01000 01001 01010 01011 01100 01000 01001 01111 10000 10001 10010 10000 10001 10010 11001 11010 11101 11111 11011 00100} 
    1250000  +7 11100110 00000101 10001 00000111 0 0 0 0 {01000 01001 01010 01011 01100 01000 01001 01111 10000 10001 10010 10000 10001 10010 11001 11010 11101 11111 11011 00100} 
    1300000  +5 11100101 11111011 10010 00000000 0 0 1 0 {01000 01001 01010 01011 01100 01000 01001 01111 10000 10001 10010 10000 10001 10010 11001 11010 11101 11111 11011 00100} 
    1350000  +1 11100100 11110001 10010 00000000 0 0 1 0 {01000 01001 01010 01011 01100 01000 01001 01111 10000 10001 10010 10000 10001 10010 11001 11010 11101 11111 11011 00100} 
    1400000  +6 11100011 11100111 11001 11100111 1 0 0 0 {01000 01001 01010 01011 01100 01000 01001 01111 10000 10001 10010 10000 10001 10010 11001 11010 11101 11111 11011 00100} 
    1450000  +5 11100010 11011101 11001 11111111 1 0 0 0 {01000 01001 01010 01011 01100 01000 01001 01111 10000 10001 10010 10000 10001 10010 11001 11010 11101 11111 11011 00100} 
    1500000  +5 11100001 11010011 11010 11000001 1 0 0 0 {01000 01001 01010 01011 01100 01000 01001 01111 10000 10001 10010 10000 10001 10010 11001 11010 11101 11111 11011 00100} 
    1550000  +5 11100000 11001001 11010 11000000 1 0 0 0 {01000 01001 01010 01011 01100 01000 01001 01111 10000 10001 10010 10000 10001 10010 11001 11010 11101 11111 11011 00100} 
    1600000  +5 11011111 10111111 11101 01100000 0 0 0 0 {01000 01001 01010 01011 01100 01000 01001 01111 10000 10001 10010 10000 10001 10010 11001 11010 11101 11111 11011 00100} 
    1650000  +5 11011110 10110101 11101 01101011 0 0 0 0 {01000 01001 01010 01011 01100 01000 01001 01111 10000 10001 10010 10000 10001 10010 11001 11010 11101 11111 11011 00100} 
    1700000  +5 11011101 10101011 11111 10001001 1 0 0 0 {01000 01001 01010 01011 01100 01000 01001 01111 10000 10001 10010 10000 10001 10010 11001 11010 11101 11111 11011 00100} 
    1750000  +5 11011100 10100001 11111 10000010 1 0 0 0 {01000 01001 01010 01011 01100 01000 01001 01111 10000 10001 10010 10000 10001 10010 11001 11010 11101 11111 11011 00100} 
    1800000  +5 11011011 10010111 11011 01001100 0 0 0 0 {01000 01001 01010 01011 01100 01000 01001 01111 10000 10001 10010 10000 10001 10010 11001 11010 11101 11111 11011 00100} 
    1850000  +5 11011010 10001101 11011 01010111 0 0 0 0 {01000 01001 01010 01011 01100 01000 01001 01111 10000 10001 10010 10000 10001 10010 11001 11010 11101 11111 11011 00100} 
    1900000  +3 11011001 10000011 00100 00000000 0 0 1 0 {01000 01001 01010 01011 01100 01000 01001 01111 10000 10001 10010 10000 10001 10010 11001 11010 11101 11111 11011 00100} 
    1950000  +1 11011000 01111001 00100 00000000 0 0 1 0 {01000 01001 01010 01011 01100 01000 01001 01111 10000 10001 10010 10000 10001 10010 11001 11010 11101 11111 11011 00100} 
    2000000  +1 11010111 01101111 00100 00000000 0 0 1 0 {01000 01001 01010 01011 01100 01000 01001 01111 10000 10001 10010 10000 10001 10010 11001 11010 11101 11111 11011 00100} 
